lattice_size = 85
T = 300
e_ads = -1.82
e_des = 1.25
e_diff = -0.579
e_int_abs = 0.608
e_int_des = 0.89
time_array = np.array([0, 1, 3, 6, 9, 12, 20, 40, 60])

Mean Squared Error (MSE): 5.5424452770746315


[-1.8412501357514415, 1.1875, -0.60795, 0.6087698496366398, 0.8454999999999999, np.int64(60), 319.7121074137632]
